/lib64/ld-linux-x86-64.so.2
/lib/ld-musl-x86_64.so.1

main: b *0x555555555b9a
prepare_num_array: b *0x5555555558e5
prepare_dat_arry_ b *0x55555555527a

dat_array: 0x555555558100

0;2;3;4;5;7;8;9;10;11;12;13;14;15;16;17;18;19;20;21;22;23;24;25;26;27;28;29;30;31;32;33;34;36;38;39;40;41;42;43;44;45;46;48;49;50;51;52;53;54;55;56;58;59;60;61;62;64;65;66;67;68;70;71;72;73;74;75;76;77;78;79;80;81;82;83;85;86;87;88;89;90;91;92;93;94;95;96;97;98;100;101;102;103;104;105;106;107;108;109;110;111;112;113;115;116;117;118;119;121;122;123;124;125;126;128;129;130;131;132;133;134;135;136;137;138;140;141;142;143;144;146;147;148;150


0x55555555527a
0x555555558100